66
108
115
415
431
502
860
941
943
982
1238
1265
1331
1334
1350
1367
1379
1388
1501
1523
1525
1862
1899
1909
1937
2015
2016
2041
2144
2182
2237
2863
2883
2966
3070
3158
3227
3308
3729
3754
4252
4344
4446
4694
4695
4747
4999
5062
5321
5482
5503
5516
5704
5714
5752
5883
6121
6122
6126
6142
6205
6232
6281
6287
6390
6487
6502
6617
6683
6797
6839
6873
6953
6956
7043
7092
7227
7340
7346
7347
7413
7417
7597
7645
7660
7665
7737
7745
7910
7964
8299
8345
8406
8441
8716
8766
8853
8859
8872
8879
8893
8943
8976
8990
9058
9324
9325
9326
9347
