12
196
159
41
8
121
222
140
188
183
216
113
237
6
108
209
101
212
98
16
57
194
224
152
218
241
2
155
170
0
238
40
115
239
59
130
219
52
82
157
181
1
36
31
198
91
5
87
106
61
207
29
73
97
70
215
134
233
60
240
119
125
89
136
42
84
39
15
147
50
85
171
92
156
162
109
178
100
28
111
139
191
110
150
112
69
48
126
142
75
7
164
103
128
230
120
124
65
211
229
187
47
220
46
214
192
200
231
51
131
38
58
56
20
83
32
223
30
122
138
114
79
201
123
168
227
96
135
193
129
33
95
13
116
185
146
102
76
228
104
62
45
81
158
235
167
49
24
117
204
180
184
172
208
234
226
174
64
217
17
88
94
78
153
86
118
18
105
221
133
141
66
163
186
43
107
90
19
144
25
179
99
35
22
72
14
202
44
34
148
166
143
26
93
199
127
177
206
195
173
80
213
21
154
169
190
9
182
242
23
189
176
54
4
71
205
149
165
232
210
132
11
37
160
161
236
225
55
145
197
10
151
77
74
3
175
27
137
68
203
67
63
53
