196
12
41
237
87
36
3
101
134
170
146
202
155
57
120
181
140
62
13
130
8
14
32
49
224
241
30
52
218
2
63
137
234
216
37
182
42
121
10
34
1
70
213
159
222
152
129
136
211
156
190
236
67
97
112
208
31
161
39
20
89
108
215
173
6
149
23
132
157
65
194
60
188
64
78
46
69
24
187
220
100
192
200
133
238
219
163
210
98
209
239
26
73
142
84
164
110
79
201
184
85
217
66
174
207
9
38
19
235
229
75
180
82
106
166
91
240
195
5
171
141
59
15
205
0
131
96
119
227
198
191
81
40
122
115
74
7
214
168
116
150
135
144
51
113
16
33
95
197
212
125
124
162
47
183
44
165
105
178
88
225
189
127
21
83
35
123
226
76
128
186
43
55
231
172
45
179
176
193
154
148
48
203
139
104
92
71
167
107
138
58
94
233
185
29
18
111
145
86
151
206
242
17
114
90
221
103
50
143
169
118
61
158
102
175
56
126
199
80
228
11
177
153
54
99
93
77
28
4
230
160
232
68
109
204
223
22
147
25
72
27
53
117
