12
41
108
31
222
196
6
237
159
194
188
99
107
2
170
8
238
140
121
130
224
209
100
202
28
168
229
87
82
4
212
49
112
36
9
110
57
16
183
171
30
96
150
46
11
111
101
158
52
162
29
64
56
113
116
90
35
26
106
105
7
228
81
226
240
59
144
98
122
43
152
211
200
61
138
136
133
227
153
231
0
127
241
15
60
216
92
186
166
175
102
91
142
177
165
40
134
215
178
128
147
239
68
13
218
119
65
167
76
75
70
95
44
157
172
97
73
34
21
32
189
219
19
206
154
86
143
221
190
185
197
180
201
234
47
67
74
17
220
192
5
71
205
125
126
1
182
118
80
20
214
174
235
184
176
10
51
104
164
232
120
24
83
72
123
149
93
88
48
179
78
94
199
39
55
193
210
156
213
58
163
217
63
187
3
69
115
207
208
62
38
85
141
161
42
181
225
89
14
155
137
139
23
84
37
66
45
132
135
25
50
114
191
195
236
77
230
103
18
117
233
109
203
54
124
198
223
131
145
160
204
129
53
146
33
151
242
22
79
173
148
169
27
